{
    "precision": 0.616822429906542,
    "recall": 0.1875,
    "accuracy": 0.9473175447075882,
    "f1_score": 0.28758169934640526
}