{
    "precision": 0.08935361216730038,
    "recall": 0.13352272727272727,
    "accuracy": 0.8736909940389882,
    "f1_score": 0.10706150341685648
}