{
    "meanAccuracy": 0.8715638277891224,
    "meanPrecision": 0.10463251013527675,
    "meanRecall": 0.33455882352941174,
    "meanF1": 0.15053375709920275
}